[gd_scene load_steps=2 format=3 uid="uid://bwyrg0hdadnsb"]

[ext_resource type="PackedScene" uid="uid://be74bjk35btlj" path="res://scenes/mobs/hydraulicRobot/sphere-bot-with-hydraulics_2_8_Baked_Animations.glb" id="1_qk86v"]

[node name="sphere-bot-with-hydraulics_2_8_Baked_Animations" instance=ExtResource("1_qk86v")]

[node name="Skeleton3D" parent="sphere-bot-with-hydraulics 2_8_Baked_Animations" index="0"]
bones/1/rotation = Quaternion(0.707107, -4.94538e-07, -0.707107, -4.94538e-07)
bones/3/position = Vector3(1.13687e-13, -1.11028, 5.91795e-20)
bones/3/rotation = Quaternion(0.707107, 4.01944e-14, -0.707107, 4.01944e-14)
bones/4/rotation = Quaternion(-1.70633e-13, -0.0346197, -5.9179e-15, 0.999401)
bones/5/rotation = Quaternion(-0.0922959, 0.701057, -0.0922959, 0.701057)
bones/6/rotation = Quaternion(1.48154e-09, 2.19265e-09, -0.0853516, 0.996351)
bones/7/rotation = Quaternion(0.600008, 0.374152, -0.600008, 0.374152)
bones/8/rotation = Quaternion(2.0916e-07, -0.0564793, 0.998404, -1.28799e-08)
bones/9/rotation = Quaternion(0.70626, 0.0346406, 0.706255, 0.0346417)
bones/11/rotation = Quaternion(0.663159, 0.245399, 0.663159, 0.245399)
bones/13/rotation = Quaternion(-0.703173, -0.0744751, 0.703175, 0.0744743)
bones/16/rotation = Quaternion(-0.542806, -0.453169, 0.542806, 0.453169)
bones/18/rotation = Quaternion(-0.126078, 0.957662, -0.0337827, 0.256605)
bones/19/rotation = Quaternion(-4.52045e-09, 1.62342e-07, -0.0853516, 0.996351)
bones/20/rotation = Quaternion(-0.600008, -0.374152, 0.600008, -0.374152)
bones/21/rotation = Quaternion(2.96132e-07, -0.0564801, 0.998404, -4.56233e-09)
bones/22/rotation = Quaternion(0.706251, 0.0346406, 0.706265, 0.0346378)
bones/24/rotation = Quaternion(0.252256, -0.710395, -0.30907, 0.579811)
bones/26/rotation = Quaternion(-0.703173, -0.0744744, 0.703175, 0.0744745)
bones/29/rotation = Quaternion(-0.126079, 0.957662, 0.0337826, -0.256604)
bones/30/rotation = Quaternion(1.60833e-08, -1.2436e-07, -0.0853528, 0.996351)
bones/31/rotation = Quaternion(-0.600008, -0.374152, 0.600008, -0.374153)
bones/32/rotation = Quaternion(9.0508e-08, -0.0564803, 0.998404, 3.5685e-08)
bones/32/scale = Vector3(1, 1, 1.00005)
bones/33/rotation = Quaternion(0.706254, 0.0346385, 0.706261, 0.0346381)
bones/35/rotation = Quaternion(0.258436, -0.698557, -0.303914, 0.594025)
bones/37/rotation = Quaternion(0.703175, 0.0744724, -0.703173, -0.0744737)
bones/40/rotation = Quaternion(0.0922959, -0.701058, -0.0922959, 0.701057)
bones/41/rotation = Quaternion(-5.40595e-09, 3.00332e-08, -0.0853522, 0.996351)
bones/42/rotation = Quaternion(0.600008, 0.374152, -0.600008, 0.374152)
bones/43/rotation = Quaternion(2.23673e-07, -0.0564797, 0.998404, -1.22867e-08)
bones/44/rotation = Quaternion(0.706254, 0.03464, 0.706262, 0.0346389)
bones/46/rotation = Quaternion(0.264518, -0.68643, -0.298643, 0.607994)
bones/48/rotation = Quaternion(-0.703174, -0.0744741, 0.703174, 0.0744738)
bones/51/rotation = Quaternion(0.0337826, -0.256605, -0.126079, 0.957662)
bones/52/rotation = Quaternion(9.99821e-09, 1.1678e-07, -0.0853526, 0.996351)
bones/53/rotation = Quaternion(-0.600008, -0.374152, 0.600008, -0.374153)
bones/54/rotation = Quaternion(3.96204e-07, -0.05648, 0.998404, 3.77946e-09)
bones/55/rotation = Quaternion(0.706261, 0.0346381, 0.706255, 0.0346398)
bones/57/rotation = Quaternion(0.270486, -0.674027, -0.293243, 0.621719)
bones/59/rotation = Quaternion(-0.703174, -0.0744731, 0.703174, 0.0744728)
bones/62/rotation = Quaternion(-0.0337827, 0.256605, -0.126078, 0.957662)
bones/63/rotation = Quaternion(5.18974e-09, 7.66132e-08, -0.0853511, 0.996351)
bones/64/rotation = Quaternion(0.600008, 0.374152, -0.600008, 0.374152)
bones/65/rotation = Quaternion(2.05204e-07, -0.05648, 0.998404, 3.82544e-08)
bones/66/rotation = Quaternion(0.706262, 0.0346409, 0.706253, 0.0346411)
bones/68/rotation = Quaternion(0.276351, -0.661345, -0.287733, 0.635187)
bones/70/rotation = Quaternion(-0.703173, -0.0744748, 0.703175, 0.0744756)
bones/73/position = Vector3(1.57438e-08, 0.936787, -0.513635)
bones/73/rotation = Quaternion(-0.5, 0.5, 0.5, -0.5)
bones/75/position = Vector3(-0.444821, 0.936788, -0.256818)
bones/75/rotation = Quaternion(0.133631, -0.231456, -0.694365, 0.668153)
bones/77/position = Vector3(-0.444822, 0.936789, 0.256817)
bones/77/rotation = Quaternion(-0.231455, 0.13363, -0.668153, 0.694365)
bones/79/position = Vector3(-2.99971e-07, 0.936788, 0.513635)
bones/79/rotation = Quaternion(-2.95386e-07, -0.707107, 0.707107, -5.53879e-07)
bones/81/position = Vector3(0.444821, 0.936789, 0.256817)
bones/81/rotation = Quaternion(-0.231455, -0.133631, 0.668153, 0.694365)
bones/83/position = Vector3(0.444821, 0.936788, -0.256817)
bones/83/rotation = Quaternion(0.133631, 0.231455, 0.694365, 0.668153)
bones/86/rotation = Quaternion(0.745691, 0.615156, -0.183769, -0.178205)
bones/89/rotation = Quaternion(0.733212, 0.624807, 0.228534, 0.140673)
bones/92/rotation = Quaternion(0.509228, 0.479419, 0.574903, 0.424653)
bones/95/rotation = Quaternion(0.138331, 0.215085, 0.755441, 0.603251)
bones/98/rotation = Quaternion(-0.272462, -0.102626, 0.718047, 0.632172)
bones/102/rotation = Quaternion(0.701058, 0.0922955, -0.701057, -0.0922961)
bones/103/rotation = Quaternion(-1.05126e-09, -1.17208e-09, -8.9407e-08, 1)
bones/104/rotation = Quaternion(-0.568357, -0.420678, 0.568358, -0.420678)
bones/105/rotation = Quaternion(3.80534e-07, -0.159609, 0.98718, 3.05558e-08)
bones/105/scale = Vector3(1, 1, 1.00002)
bones/106/rotation = Quaternion(0.870185, 0.0484037, 0.482508, 0.087297)
bones/108/rotation = Quaternion(-0.585815, 0.245421, 0.748101, -0.192182)
bones/111/rotation = Quaternion(0.845092, 0.124799, -0.468605, -0.225066)
bones/114/rotation = Quaternion(-1.73395e-05, -0.0132612, 0.998469, -0.0537113)
bones/116/rotation = Quaternion(0.957658, 0.126097, -0.25661, -0.033791)
bones/117/rotation = Quaternion(-4.92915e-08, 6.80673e-08, -1.6205e-07, 1)
bones/118/rotation = Quaternion(0.568358, 0.420678, -0.568357, 0.420678)
bones/119/rotation = Quaternion(6.53849e-07, -0.159611, 0.98718, 3.2088e-08)
bones/120/rotation = Quaternion(0.589364, 0.0804239, 0.801677, 0.0591259)
bones/122/rotation = Quaternion(-0.570623, 0.249245, 0.759752, -0.187199)
bones/125/rotation = Quaternion(-0.572371, -0.207349, 0.778564, 0.152436)
bones/128/rotation = Quaternion(3.85622e-06, -0.0154184, 0.998468, -0.0531328)
bones/130/rotation = Quaternion(0.957664, 0.126072, 0.256603, 0.0337804)
bones/131/rotation = Quaternion(-4.16662e-08, 2.01729e-07, -7.82311e-08, 1)
bones/132/rotation = Quaternion(0.568357, 0.420678, -0.568357, 0.420679)
bones/133/rotation = Quaternion(2.87491e-07, -0.159611, 0.98718, 1.46036e-09)
bones/134/rotation = Quaternion(0.200951, 0.097759, 0.974503, 0.0201582)
bones/136/rotation = Quaternion(-0.555181, 0.252969, 0.771109, -0.182132)
bones/139/rotation = Quaternion(-0.195176, -0.252049, 0.946401, 0.0519811)
bones/142/rotation = Quaternion(4.06487e-06, -0.0175487, 0.998468, -0.0524674)
bones/144/rotation = Quaternion(0.701058, 0.0922955, 0.701057, 0.0922961)
bones/145/rotation = Quaternion(1.4853e-09, -1.60454e-08, -4.47034e-08, 1)
bones/146/rotation = Quaternion(0.568358, 0.420678, -0.568357, 0.420678)
bones/148/rotation = Quaternion(0.68329, -0.181974, 0.68329, -0.181975)
bones/150/rotation = Quaternion(-0.630008, 0.233343, 0.711283, -0.20668)
bones/152/rotation = Quaternion(4.74053e-08, -0.15961, 0.98718, -2.46598e-08)
bones/153/rotation = Quaternion(-0.703574, 0.0705818, 0.703577, -0.0705807)
bones/156/rotation = Quaternion(1.92898e-06, -0.00668021, 0.998468, -0.0549192)
bones/158/rotation = Quaternion(0.256604, 0.0337791, 0.957662, 0.12608)
bones/159/rotation = Quaternion(-4.60087e-08, -8.81521e-08, -1.13621e-07, 1)
bones/161/rotation = Quaternion(2.74589e-06, -0.00889001, 0.998468, -0.0546067)
bones/163/rotation = Quaternion(0.568357, 0.420679, -0.568357, 0.420678)
bones/164/rotation = Quaternion(-4.47393e-07, -0.15961, 0.98718, -9.38936e-08)
bones/165/rotation = Quaternion(0.933018, -0.034682, -0.345708, 0.0935996)
bones/167/rotation = Quaternion(-0.615532, 0.237464, 0.723847, -0.201931)
bones/170/rotation = Quaternion(0.906121, -0.0894134, 0.33573, -0.241321)
bones/172/rotation = Quaternion(-0.256605, -0.0337816, 0.957662, 0.126079)
bones/173/rotation = Quaternion(-2.79482e-08, -8.15313e-08, -7.45058e-08, 1)
bones/175/rotation = Quaternion(3.4108e-06, -0.0110849, 0.998469, -0.0542008)
bones/177/rotation = Quaternion(0.568358, 0.420677, -0.568358, 0.420677)
bones/178/rotation = Quaternion(2.98722e-07, -0.159608, 0.987181, 3.45112e-08)
bones/178/scale = Vector3(1, 1, 1.00003)
bones/179/rotation = Quaternion(0.992154, 0.00755185, 0.0752807, 0.0995304)
bones/181/rotation = Quaternion(-0.600804, 0.24149, 0.736117, -0.197099)
bones/184/rotation = Quaternion(0.963549, 0.0194705, -0.0731098, -0.256611)
bones/187/position = Vector3(0.515387, 0.00452673, 1.08758e-07)
bones/187/rotation = Quaternion(-0.707107, 0.707107, -2.11758e-22, 5.33851e-08)
bones/189/position = Vector3(0.257694, 0.00452674, -0.446338)
bones/191/position = Vector3(-0.257693, 0.00452675, -0.446338)
bones/193/position = Vector3(-0.515387, 0.00452673, -1.17004e-07)
bones/195/position = Vector3(-0.257693, 0.00452673, 0.446338)
bones/197/position = Vector3(0.257694, 0.00452673, 0.446338)

[node name="Circle_013" parent="sphere-bot-with-hydraulics 2_8_Baked_Animations/Skeleton3D" index="0"]
transform = Transform3D(-0.997583, 0.0618147, 0.0310795, -3.63655e-06, 0.44915, -0.893457, -0.0691868, -0.89131, -0.448079, 0.0194116, 1.95373, -0.279853)

[node name="Circle_001" parent="sphere-bot-with-hydraulics 2_8_Baked_Animations/Skeleton3D" index="1"]
transform = Transform3D(0.997603, 0.0119246, -0.0681626, -1.32148e-06, 0.985045, 0.172308, 0.0691978, -0.171895, 0.982683, 0.0552758, 1.09265, -0.796895)

[node name="Circle_012" parent="sphere-bot-with-hydraulics 2_8_Baked_Animations/Skeleton3D" index="2"]
transform = Transform3D(0.997609, -0.0612625, 0.0321823, -2.35542e-07, -0.465057, -0.885282, 0.0692014, 0.883159, -0.463943, 0.03925, 1.39134, -0.565855)

[node name="Circle" parent="sphere-bot-with-hydraulics 2_8_Baked_Animations/Skeleton3D" index="3"]
transform = Transform3D(0.997603, 0.0109278, -0.0683296, 3.5748e-07, 0.987451, 0.157926, 0.0691979, -0.157548, 0.985084, 0.0119232, 1.20634, -0.171892)

[node name="Circle_022" parent="sphere-bot-with-hydraulics 2_8_Baked_Animations/Skeleton3D" index="4"]
transform = Transform3D(-0.558773, -0.741007, -0.372505, -4.34315e-06, 0.449173, -0.893467, 0.829391, -0.499225, -0.250967, -0.232657, 1.95373, -0.156738)

[node name="Circle_010" parent="sphere-bot-with-hydraulics 2_8_Baked_Animations/Skeleton3D" index="5"]
transform = Transform3D(0.558737, -0.143837, 0.816791, 1.2368e-06, 0.984863, 0.173418, -0.829344, -0.0969048, 0.55028, -0.602971, 1.10459, -0.406218)

[node name="Circle_023" parent="sphere-bot-with-hydraulics 2_8_Baked_Animations/Skeleton3D" index="6"]
transform = Transform3D(0.558736, 0.734205, -0.385702, -5.6127e-06, -0.465061, -0.885282, -0.829361, 0.494633, -0.259839, -0.470423, 1.39134, -0.31692)

[node name="Circle_021" parent="sphere-bot-with-hydraulics 2_8_Baked_Animations/Skeleton3D" index="7"]
transform = Transform3D(0.437188, -0.801844, -0.407334, 0.000385269, 0.453092, -0.891462, 0.899381, 0.389582, 0.198386, -0.243278, 1.9494, 0.120472)

[node name="Circle_009" parent="sphere-bot-with-hydraulics 2_8_Baked_Animations/Skeleton3D" index="8"]
transform = Transform3D(-0.438848, -0.155858, 0.88495, -1.93715e-07, 0.984867, 0.173402, -0.898562, 0.076116, -0.4322, -0.65775, 1.10371, 0.321262)

[node name="Circle_020" parent="sphere-bot-with-hydraulics 2_8_Baked_Animations/Skeleton3D" index="9"]
transform = Transform3D(-0.437196, 0.794421, -0.421615, -0.000390226, -0.468957, -0.883221, -0.899381, -0.385971, 0.205333, -0.50646, 1.38962, 0.24818)

[node name="Circle_018" parent="sphere-bot-with-hydraulics 2_8_Baked_Animations/Skeleton3D" index="10"]
transform = Transform3D(0.997594, -0.0616934, -0.0313544, 2.15917e-07, 0.453081, -0.89147, 0.0692032, 0.889335, 0.451989, -0.0187838, 1.9494, 0.270815)

[node name="Circle_006" parent="sphere-bot-with-hydraulics 2_8_Baked_Animations/Skeleton3D" index="11"]
transform = Transform3D(-0.997602, -0.0120112, 0.0681592, -7.90507e-06, 0.984856, 0.173408, -0.0692089, 0.173009, -0.982489, -0.0506453, 1.10374, 0.730137)

[node name="Circle_019" parent="sphere-bot-with-hydraulics 2_8_Baked_Animations/Skeleton3D" index="12"]
transform = Transform3D(-0.997609, 0.0611228, -0.0324509, -1.77284e-06, -0.468946, -0.883228, -0.0692035, -0.88111, 0.467821, -0.0390273, 1.38962, 0.562651)

[node name="Circle_017" parent="sphere-bot-with-hydraulics 2_8_Baked_Animations/Skeleton3D" index="13"]
transform = Transform3D(0.557129, 0.740403, 0.37604, -0.000396249, 0.453093, -0.891475, -0.830364, 0.496554, 0.252728, 0.224316, 1.9494, 0.152907)

[node name="Circle_005" parent="sphere-bot-with-hydraulics 2_8_Baked_Animations/Skeleton3D" index="14"]
transform = Transform3D(-0.558752, 0.143821, -0.816783, -4.59403e-05, 0.984869, 0.173409, 0.829335, 0.0969531, -0.550286, 0.607419, 1.10365, 0.409215)

[node name="Circle_016" parent="sphere-bot-with-hydraulics 2_8_Baked_Animations/Skeleton3D" index="15"]
transform = Transform3D(-0.557172, -0.733528, 0.389228, 0.000381375, -0.468949, -0.883228, 0.830399, -0.491959, 0.261565, 0.467353, 1.38962, 0.315732)

[node name="Circle_014" parent="sphere-bot-with-hydraulics 2_8_Baked_Animations/Skeleton3D" index="16"]
transform = Transform3D(-0.438892, 0.802793, 0.403583, -8.41e-06, 0.449146, -0.893451, -0.898552, -0.392123, -0.197119, 0.252068, 1.95373, -0.123116)

[node name="Circle_002" parent="sphere-bot-with-hydraulics 2_8_Baked_Animations/Skeleton3D" index="17"]
transform = Transform3D(0.438884, 0.155806, -0.88493, 1.14441e-05, 0.984845, 0.173403, 0.898543, -0.0761146, 0.432232, 0.659515, 1.10337, -0.322124)

[node name="Circle_015" parent="sphere-bot-with-hydraulics 2_8_Baked_Animations/Skeleton3D" index="18"]
transform = Transform3D(0.438866, -0.795473, 0.417869, -6.59133e-06, -0.465051, -0.885284, 0.898543, 0.388521, -0.204102, 0.509668, 1.39135, -0.248935)

[node name="Circle_003" parent="sphere-bot-with-hydraulics 2_8_Baked_Animations/Skeleton3D" index="19"]
transform = Transform3D(0.438875, 0.142897, -0.887113, -1.16229e-06, 0.987274, 0.159031, 0.898548, -0.0697935, 0.433289, 0.154828, 1.20636, -0.0756215)

[node name="Circle_004" parent="sphere-bot-with-hydraulics 2_8_Baked_Animations/Skeleton3D" index="20"]
transform = Transform3D(-0.558728, 0.131895, -0.818796, -4.24683e-07, 0.987273, 0.159035, 0.82935, 0.0888575, -0.551618, 0.142904, 1.20636, 0.096274)

[node name="Circle_007" parent="sphere-bot-with-hydraulics 2_8_Baked_Animations/Skeleton3D" index="21"]
transform = Transform3D(-0.997603, -0.0110045, 0.0683174, 2.6077e-07, 0.987273, 0.159035, -0.0691979, 0.158653, -0.984907, -0.0119234, 1.20636, 0.171896)

[node name="Circle_008" parent="sphere-bot-with-hydraulics 2_8_Baked_Animations/Skeleton3D" index="22"]
transform = Transform3D(-0.438874, -0.1429, 0.887113, 1.53482e-06, 0.987274, 0.159034, -0.898548, 0.0697973, -0.433288, -0.154828, 1.20636, 0.0756222)

[node name="Circle_011" parent="sphere-bot-with-hydraulics 2_8_Baked_Animations/Skeleton3D" index="23"]
transform = Transform3D(0.558729, -0.131894, 0.818795, 1.38581e-06, 0.987273, 0.159031, -0.82935, -0.088854, 0.551618, -0.142904, 1.20636, -0.0962734)

[node name="Circle_042" parent="sphere-bot-with-hydraulics 2_8_Baked_Animations/Skeleton3D" index="24"]
transform = Transform3D(-1.00007, -6.27935e-05, 3.23812e-05, 2.5779e-05, 0.476248, 0.87931, -1.98781e-05, 0.879284, -0.476253, -1.46759e-06, 0.233585, -0.295638)

[node name="Circle_031" parent="sphere-bot-with-hydraulics 2_8_Baked_Animations/Skeleton3D" index="25"]
transform = Transform3D(-1, 1.17719e-06, -1.36439e-07, -1.92225e-06, -0.995488, 0.095133, -6.70552e-08, 0.0951365, 0.995451, 1.2325e-06, 1.00397, -0.812781)

[node name="Circle_043" parent="sphere-bot-with-hydraulics 2_8_Baked_Animations/Skeleton3D" index="26"]
transform = Transform3D(1.00001, 2.98023e-07, 7.98423e-06, -1.02669e-05, -0.45743, 0.889245, -2.26498e-06, -0.889242, -0.457432, 6.03761e-08, 0.819266, -0.609533)

[node name="Circle_030" parent="sphere-bot-with-hydraulics 2_8_Baked_Animations/Skeleton3D" index="27"]
transform = Transform3D(-0.999997, -2.98917e-05, -1.4063e-07, 2.93553e-05, -0.993971, 0.109646, -3.48128e-06, 0.109646, 0.993971, 5.08843e-07, 1.06379, -0.17715)

[node name="Circle_045" parent="sphere-bot-with-hydraulics 2_8_Baked_Animations/Skeleton3D" index="28"]
transform = Transform3D(-0.499952, -0.761534, 0.41249, 3.17544e-05, 0.476253, 0.87933, -0.866109, 0.439644, -0.238073, 0.256059, 0.233598, -0.147847)

[node name="Circle_032" parent="sphere-bot-with-hydraulics 2_8_Baked_Animations/Skeleton3D" index="29"]
transform = Transform3D(-0.500014, -0.0823592, -0.862081, 4.85778e-06, -0.995493, 0.0950922, -0.866017, 0.0475463, 0.497742, 0.703884, 1.004, -0.4064)

[node name="Circle_044" parent="sphere-bot-with-hydraulics 2_8_Baked_Animations/Skeleton3D" index="30"]
transform = Transform3D(0.500024, 0.770113, 0.396117, -8.79169e-06, -0.457392, 0.889265, 0.866025, -0.444654, -0.2287, 0.527883, 0.819297, -0.304784)

[node name="Circle_033" parent="sphere-bot-with-hydraulics 2_8_Baked_Animations/Skeleton3D" index="31"]
transform = Transform3D(-0.50001, -0.0949433, -0.860804, 3.73125e-05, -0.993976, 0.109607, -0.866021, 0.0547739, 0.497003, 0.153413, 1.06379, -0.0885727)

[node name="Circle_046" parent="sphere-bot-with-hydraulics 2_8_Baked_Animations/Skeleton3D" index="32"]
transform = Transform3D(0.500025, -0.761527, 0.412354, 8.36402e-05, 0.476184, 0.879366, -0.866054, -0.439672, 0.238162, 0.256029, 0.233581, 0.147815)

[node name="Circle_035" parent="sphere-bot-with-hydraulics 2_8_Baked_Animations/Skeleton3D" index="33"]
transform = Transform3D(0.499995, -0.082401, -0.862088, 5.66244e-07, -0.995488, 0.0951451, -0.866028, -0.0475726, -0.49772, 0.70389, 1.00396, 0.406387)

[node name="Circle_047" parent="sphere-bot-with-hydraulics 2_8_Baked_Animations/Skeleton3D" index="34"]
transform = Transform3D(-0.500014, 0.770083, 0.396192, 2.58088e-05, -0.457473, 0.889231, 0.866027, 0.444631, 0.228721, 0.52788, 0.819267, 0.304768)

[node name="Circle_034" parent="sphere-bot-with-hydraulics 2_8_Baked_Animations/Skeleton3D" index="35"]
transform = Transform3D(0.499998, -0.0949504, -0.860804, 3.13818e-05, -0.99397, 0.109658, -0.866026, -0.0548553, -0.496979, 0.153417, 1.06379, 0.0885758)

[node name="Circle_036" parent="sphere-bot-with-hydraulics 2_8_Baked_Animations/Skeleton3D" index="36"]
transform = Transform3D(-1, 6.78581e-06, 2.17481e-06, -1.19042e-06, -0.457439, 0.889241, 7.09787e-06, 0.88924, 0.457439, 3.98743e-07, 0.819265, 0.609533)

[node name="Circle_025" parent="sphere-bot-with-hydraulics 2_8_Baked_Animations/Skeleton3D" index="37"]
transform = Transform3D(1, -3.39746e-06, -3.2247e-06, -2.77907e-06, -0.995487, 0.0951348, -3.53344e-06, -0.0951386, -0.99545, 7.14811e-07, 1.00397, 0.81278)

[node name="Circle_037" parent="sphere-bot-with-hydraulics 2_8_Baked_Animations/Skeleton3D" index="38"]
transform = Transform3D(1.00003, 7.41305e-06, -5.10198e-07, -3.07557e-06, 0.476316, 0.879273, 6.62076e-06, -0.879284, 0.476302, -5.19269e-07, 0.233586, 0.295636)

[node name="Circle_024" parent="sphere-bot-with-hydraulics 2_8_Baked_Animations/Skeleton3D" index="39"]
transform = Transform3D(0.999996, 2.84389e-05, -2.63983e-06, 2.84836e-05, -0.99397, 0.109647, 5.43892e-07, -0.109647, -0.99397, -4.31602e-08, 1.06379, 0.17715)

[node name="Circle_026" parent="sphere-bot-with-hydraulics 2_8_Baked_Animations/Skeleton3D" index="40"]
transform = Transform3D(0.499996, 0.0949642, 0.860802, 1.66595e-05, -0.993971, 0.109647, 0.866026, -0.0548079, -0.496983, -0.153416, 1.06379, 0.0885755)

[node name="Circle_038" parent="sphere-bot-with-hydraulics 2_8_Baked_Animations/Skeleton3D" index="41"]
transform = Transform3D(0.500076, 0.761481, -0.412514, -2.06679e-05, 0.476349, 0.879256, 0.866094, -0.439604, 0.238203, -0.256036, 0.233579, 0.147812)

[node name="Circle_027" parent="sphere-bot-with-hydraulics 2_8_Baked_Animations/Skeleton3D" index="42"]
transform = Transform3D(0.499998, 0.0823849, 0.862088, -1.24574e-05, -0.995488, 0.095137, 0.866025, -0.0475803, -0.497724, -0.703891, 1.00397, 0.406388)

[node name="Circle_039" parent="sphere-bot-with-hydraulics 2_8_Baked_Animations/Skeleton3D" index="43"]
transform = Transform3D(-0.500004, -0.770095, -0.396189, -3.92348e-05, -0.457463, 0.889234, -0.866038, 0.44462, 0.228698, -0.527874, 0.819263, 0.304764)

[node name="Circle_029" parent="sphere-bot-with-hydraulics 2_8_Baked_Animations/Skeleton3D" index="44"]
transform = Transform3D(-0.500003, 0.0949371, 0.860803, 2.55704e-05, -0.993971, 0.109639, 0.866023, 0.054842, 0.496987, -0.153416, 1.06379, -0.0885743)

[node name="Circle_041" parent="sphere-bot-with-hydraulics 2_8_Baked_Animations/Skeleton3D" index="45"]
transform = Transform3D(-0.49995, 0.761543, -0.412513, -3.74839e-05, 0.476298, 0.87933, 0.866111, 0.439615, -0.238079, -0.256036, 0.233591, -0.147819)

[node name="Circle_028" parent="sphere-bot-with-hydraulics 2_8_Baked_Animations/Skeleton3D" index="46"]
transform = Transform3D(-0.5, 0.082385, 0.862086, 2.23517e-07, -0.995488, 0.0951265, 0.866027, 0.0475641, 0.497725, -0.703886, 1.00398, -0.406388)

[node name="Circle_040" parent="sphere-bot-with-hydraulics 2_8_Baked_Animations/Skeleton3D" index="47"]
transform = Transform3D(0.499998, -0.770108, -0.396154, -3.59118e-06, -0.457437, 0.889246, -0.866035, -0.444614, -0.22872, -0.527881, 0.819278, -0.304771)
