[gd_scene load_steps=13 format=3 uid="uid://drseolqryq6qb"]

[ext_resource type="Script" path="res://Scenes/levels/world.gd" id="1_absbj"]
[ext_resource type="Texture2D" uid="uid://6u86pj1iakdk" path="res://textures/spherical/hiptyc_2020_16k_gal.jpg" id="3_dxgek"]
[ext_resource type="PackedScene" uid="uid://cxn4ysicb4ufj" path="res://scenes/player/player.tscn" id="4_5r1mu"]
[ext_resource type="Shader" path="res://shaders/playerVignette.gdshader" id="5_ml80f"]
[ext_resource type="PackedScene" uid="uid://de58m5ldo2fjr" path="res://scenes/levels/level4.tscn" id="6_j7epo"]
[ext_resource type="PackedScene" uid="uid://gk38g4ucrpeu" path="res://scenes/objects/box.tscn" id="12_xskhi"]

[sub_resource type="ShaderMaterial" id="ShaderMaterial_r16ff"]
shader = ExtResource("5_ml80f")
shader_parameter/color = Color(0.156863, 0, 0, 1)
shader_parameter/multiplier = 0.7
shader_parameter/softness = 1.0

[sub_resource type="PanoramaSkyMaterial" id="PanoramaSkyMaterial_ei125"]
panorama = ExtResource("3_dxgek")

[sub_resource type="Sky" id="Sky_ajjlg"]
sky_material = SubResource("PanoramaSkyMaterial_ei125")

[sub_resource type="Environment" id="Environment_aeep0"]
background_mode = 2
sky = SubResource("Sky_ajjlg")
ambient_light_source = 2
ambient_light_color = Color(1, 1, 1, 1)
ambient_light_energy = 0.1
glow_enabled = true
glow_intensity = 2.0
glow_blend_mode = 0
glow_hdr_threshold = 2.0

[sub_resource type="StandardMaterial3D" id="StandardMaterial3D_gmtjq"]
emission_enabled = true
emission = Color(0.992157, 1, 1, 1)

[sub_resource type="SphereMesh" id="SphereMesh_edei4"]
material = SubResource("StandardMaterial3D_gmtjq")
radius = 0.25
height = 0.5

[node name="world" type="Node3D"]
script = ExtResource("1_absbj")

[node name="box" parent="." instance=ExtResource("12_xskhi")]
transform = Transform3D(1, 0, 0, 0, 1, 0, 0, 0, 1, 3, 14.728, 0)

[node name="Player" parent="." instance=ExtResource("4_5r1mu")]
transform = Transform3D(-1, 0, -8.74228e-08, 0, 1, 0, 8.74228e-08, 0, -1, 0, 10, -12)

[node name="Camera3D" type="Camera3D" parent="."]
transform = Transform3D(-4.37114e-08, 0.848972, -0.528438, 0, 0.528438, 0.848972, 1, 3.71097e-08, -2.30988e-08, -8.96715, 19.7271, 0)
fov = 99.7

[node name="HUD" type="CanvasLayer" parent="."]

[node name="vignette" type="ColorRect" parent="HUD"]
material = SubResource("ShaderMaterial_r16ff")
anchors_preset = 15
anchor_right = 1.0
anchor_bottom = 1.0
grow_horizontal = 2
grow_vertical = 2
color = Color(1, 1, 1, 0)

[node name="WorldEnvironment" type="WorldEnvironment" parent="."]
environment = SubResource("Environment_aeep0")

[node name="Level4" parent="." instance=ExtResource("6_j7epo")]

[node name="testOmniLight" type="Node3D" parent="."]
transform = Transform3D(1, 0, 0, 0, 1, 0, 0, 0, 1, 5, 15, 5)
visible = false

[node name="MeshInstance3D" type="MeshInstance3D" parent="testOmniLight"]
mesh = SubResource("SphereMesh_edei4")
skeleton = NodePath("")

[node name="OmniLight3D" type="OmniLight3D" parent="testOmniLight"]
light_energy = 5.0
omni_range = 50.0

[node name="testSpotLight" type="Node3D" parent="."]
visible = false

[node name="SpotLight3D" type="SpotLight3D" parent="testSpotLight"]
transform = Transform3D(0.707107, -0.5, 0.5, 0, 0.707107, 0.707107, -0.707107, -0.5, 0.5, 10, 20, 10)
light_energy = 8.338
spot_range = 50.0

[node name="SpotLight3D2" type="SpotLight3D" parent="testSpotLight"]
transform = Transform3D(0.707107, 0.5, -0.5, 0, 0.707107, 0.707107, 0.707107, -0.5, 0.5, -10, 20, 10)
light_energy = 8.338
spot_range = 50.0

[node name="SpotLight3D3" type="SpotLight3D" parent="testSpotLight"]
transform = Transform3D(-0.707107, -0.5, 0.5, 0, 0.707107, 0.707107, -0.707107, 0.5, -0.5, 10, 20, -10)
light_energy = 8.338
spot_range = 50.0

[node name="SpotLight3D4" type="SpotLight3D" parent="testSpotLight"]
transform = Transform3D(-0.707107, 0.5, -0.5, 0, 0.707107, 0.707107, 0.707107, 0.5, -0.5, -10, 20, -10)
light_energy = 8.338
spot_range = 50.0
